image_width: 640
image_height: 480
camera_name: logitech_c310
camera_matrix:
  rows: 3
  cols: 3
  data: [819.444534, 0.000000, 328.025546, 0.000000, 823.797110, 254.907359, 0.000000, 0.000000, 1.000000]
distortion_model: plumb_bob
distortion_coefficients:
  rows: 1
  cols: 5
  data: [0.042187, 0.260667, -0.005291, -0.001253, 0.000000]
rectification_matrix:
  rows: 3
  cols: 3
  data: [1.000000, 0.000000, 0.000000, 0.000000, 1.000000, 0.000000, 0.000000, 0.000000, 1.000000]
projection_matrix:
  rows: 3
  cols: 4
  data: [841.975586, 0.000000, 327.177328, 0.000000, 0.000000, 844.829529, 252.908476, 0.000000, 0.000000, 0.000000, 1.000000, 0.000000]
